[
    {
        "Component Name": "Carpals v54:1",
        "Parent(s)": "Root",
        "Transformation": {
            "Rotation Matrix": [
                [
                    0.9848077530122076,
                    4.2934406030425976e-16,
                    0.1736481776669301
                ],
                [
                    -1.205632815803881e-16,
                    0.9999999999999998,
                    -1.2793585635328952e-17
                ],
                [
                    -0.1736481776669302,
                    -6.938893903907228e-17,
                    0.9848077530122077
                ]
            ],
            "Quaternion": [
                0.9961946980917453,
                -1.4202884614863493e-17,
                0.08715574274765808,
                -1.3800197464863533e-16
            ],
            "Translation": [
                -0.23819095706446847,
                0.007700894238483424,
                4.535823796707632
            ]
        }
    },
    {
        "Component Name": "M-DP v55:1",
        "Parent(s)": "P-Assembly v82:1",
        "Transformation": {
            "Rotation Matrix": [
                [
                    5.828670879282072e-16,
                    -0.41270702980439516,
                    -0.9108638249211736
                ],
                [
                    1.0000000000000013,
                    4.718447854656915e-16,
                    9.992007221626409e-16
                ],
                [
                    3.100818213308528e-17,
                    -0.9108638249211742,
                    0.4127070298043959
                ]
            ],
            "Quaternion": [
                0.594286763651269,
                -0.3831752112923028,
                -0.38317521129230214,
                0.5942867636512688
            ],
            "Translation": [
                -6.226687129210147,
                -0.009999999999990461,
                -4.109213336119831
            ]
        }
    },
    {
        "Component Name": "M_MP v73:1",
        "Parent(s)": "P-Assembly v82:1",
        "Transformation": {
            "Rotation Matrix": [
                [
                    -0.766044443118972,
                    6.38378239159465e-16,
                    -0.6427876096865356
                ],
                [
                    4.996003610813204e-16,
                    0.9999999999999999,
                    8.604228440844963e-16
                ],
                [
                    0.6427876096865359,
                    3.417947348760554e-17,
                    -0.766044443118973
                ]
            ],
            "Quaternion": [
                -0.3420201433256673,
                3.0275288298237436e-16,
                0.939692620785907,
                2.3800397539141735e-16
            ],
            "Translation": [
                -4.350277377775932,
                6.439293542825908e-15,
                -2.028567656355362
            ]
        }
    },
    {
        "Component Name": "M-AP v67:1",
        "Parent(s)": "P-Assembly v82:1",
        "Transformation": {
            "Rotation Matrix": [
                [
                    1.0,
                    0.0,
                    1.232595164407831e-32
                ],
                [
                    -2.7755575615628914e-17,
                    1.0,
                    -1.232595164407831e-32
                ],
                [
                    0.0,
                    -1.8488927466117464e-32,
                    1.0
                ]
            ],
            "Quaternion": [
                1.0,
                -1.5407439555097887e-33,
                3.0814879110195774e-33,
                -6.938893903907228e-18
            ],
            "Translation": [
                0.0,
                -2.220446049250313e-16,
                0.0
            ]
        }
    },
    {
        "Component Name": "M_PP v60:1",
        "Parent(s)": "P-Assembly v82:1",
        "Transformation": {
            "Rotation Matrix": [
                [
                    -0.4226182617406987,
                    2.7755575615628914e-16,
                    -0.9063077870366486
                ],
                [
                    3.7470027081099033e-16,
                    0.9999999999999988,
                    8.881784197001252e-16
                ],
                [
                    0.9063077870366496,
                    -2.9029513168299184e-17,
                    -0.4226182617406994
                ]
            ],
            "Quaternion": [
                0.5372996083468237,
                -4.2676744902648998e-16,
                -0.8433914458128852,
                4.520034685749994e-17
            ],
            "Translation": [
                -3.552713678800501e-15,
                3.552713678800501e-15,
                -3.2890357104520263e-15
            ]
        }
    },
    {
        "Component Name": "P-Assembly v82:1",
        "Parent(s)": "Root",
        "Transformation": {
            "Rotation Matrix": [
                [
                    -0.17364817766693014,
                    0.9848077530122082,
                    -3.7323584348941625e-16
                ],
                [
                    1.0625181290357943e-16,
                    -1.1202518947206475e-16,
                    -1.0000000000000013
                ],
                [
                    -0.9848077530122096,
                    -0.17364817766692991,
                    -9.64939933512099e-17
                ]
            ],
            "Quaternion": [
                -0.4545194776720437,
                -0.45451947767204454,
                -0.5416752204197023,
                0.5416752204197018
            ],
            "Translation": [
                0.5936181919859304,
                0.007700894238483122,
                9.807321937108542
            ]
        }
    },
    {
        "Component Name": "M-DP v55:1",
        "Parent(s)": "P-Assembly v82:2",
        "Transformation": {
            "Rotation Matrix": [
                [
                    1.1657341758564144e-15,
                    0.0871557427476578,
                    -0.9961946980917425
                ],
                [
                    0.9999999999999974,
                    1.3981871216373065e-15,
                    -7.771561172376096e-16
                ],
                [
                    -2.949029909160572e-17,
                    -0.9961946980917411,
                    -0.08715574274765718
                ]
            ],
            "Quaternion": [
                -0.4777144171082596,
                0.5213338044735957,
                0.5213338044735967,
                -0.47771441710825935
            ],
            "Translation": [
                -5.2085476015557735,
                -0.010000000000011333,
                -4.996937323867956
            ]
        }
    },
    {
        "Component Name": "M_MP v73:1",
        "Parent(s)": "P-Assembly v82:2",
        "Transformation": {
            "Rotation Matrix": [
                [
                    -0.9396926207859018,
                    5.551115123125783e-16,
                    -0.342020143325666
                ],
                [
                    6.106226635438361e-16,
                    0.9999999999999977,
                    5.551115123125783e-17
                ],
                [
                    0.34202014332566755,
                    -2.2551405187698492e-17,
                    -0.9396926207859014
                ]
            ],
            "Quaternion": [
                -0.17364817766692972,
                2.9592937613732564e-16,
                0.984807753012206,
                8.367050813406528e-18
            ],
            "Translation": [
                -4.156921938165311,
                8.881784197001252e-16,
                -2.400000000000009
            ]
        }
    },
    {
        "Component Name": "M-AP v67:1",
        "Parent(s)": "P-Assembly v82:2",
        "Transformation": {
            "Rotation Matrix": [
                [
                    1.0,
                    -5.551115123125783e-17,
                    -5.204170427930421e-18
                ],
                [
                    -5.551115123125783e-17,
                    1.0,
                    -8.673617379884035e-19
                ],
                [
                    5.204170427930421e-18,
                    -1.474514954580286e-17,
                    1.0000000000000002
                ]
            ],
            "Quaternion": [
                1.0,
                -3.469446951953614e-18,
                -2.6020852139652106e-18,
                0.0
            ],
            "Translation": [
                0.0,
                4.440892098500626e-16,
                -1.3877787807814457e-17
            ]
        }
    },
    {
        "Component Name": "M_PP v60:1",
        "Parent(s)": "P-Assembly v82:2",
        "Transformation": {
            "Rotation Matrix": [
                [
                    -0.49999999999999767,
                    1.0547118733938987e-15,
                    -0.8660254037844362
                ],
                [
                    4.440892098500626e-16,
                    0.9999999999999963,
                    3.3306690738754696e-16
                ],
                [
                    0.8660254037844377,
                    -4.40619762898109e-16,
                    -0.4999999999999997
                ]
            ],
            "Quaternion": [
                -0.49999999999999956,
                4.3266660443630234e-16,
                0.8660254037844377,
                -3.1047835040567994e-17
            ],
            "Translation": [
                1.4210854715202004e-14,
                -3.9968028886505635e-15,
                9.575673587391975e-16
            ]
        }
    },
    {
        "Component Name": "P-Assembly v82:2",
        "Parent(s)": "Root",
        "Transformation": {
            "Rotation Matrix": [
                [
                    -0.4216483397446725,
                    0.902687988868093,
                    0.0858316511774295
                ],
                [
                    -0.022557566113149873,
                    0.08418598282936718,
                    -0.996194698091746
                ],
                [
                    -0.9064788104537345,
                    -0.4219799936588653,
                    -0.015134435901338127
                ]
            ],
            "Quaternion": [
                0.40230685029693464,
                0.356826327968979,
                0.6166378107275327,
                -0.574962590307832
            ],
            "Translation": [
                2.8353832048573198,
                0.22825334664441088,
                8.512081153257103
            ]
        }
    },
    {
        "Component Name": "M-DP v55:1",
        "Parent(s)": "I-Assembly v9:1",
        "Transformation": {
            "Rotation Matrix": [
                [
                    8.223673478302709e-17,
                    -0.8968727415326894,
                    -0.44228869021900263
                ],
                [
                    0.9999999999999983,
                    -1.853711264910408e-15,
                    1.2273979102723067e-15
                ],
                [
                    4.57966997657877e-16,
                    -0.4422886902190047,
                    0.8968727415326893
                ]
            ],
            "Quaternion": [
                0.6886350160884732,
                -0.16056716543810717,
                -0.16056716543810615,
                0.6886350160884736
            ],
            "Translation": [
                -6.6045723645819105,
                -0.01000000000000556,
                -1.5582798499009949
            ]
        }
    },
    {
        "Component Name": "M_MP v73:1",
        "Parent(s)": "I-Assembly v9:1",
        "Transformation": {
            "Rotation Matrix": [
                [
                    -0.3420201433256658,
                    -5.675798372961261e-17,
                    -0.9396926207859037
                ],
                [
                    -4.541163559967231e-16,
                    0.9999999999999967,
                    -8.558369753604793e-16
                ],
                [
                    0.9396926207859027,
                    3.608224830031758e-16,
                    -0.34202014332566705
                ]
            ],
            "Quaternion": [
                0.5735764363510464,
                5.302952585115536e-16,
                -0.8191520442889867,
                -1.731932952105772e-16
            ],
            "Translation": [
                -3.93923101204882,
                -1.5543122344752192e-15,
                -0.6945927106677207
            ]
        }
    },
    {
        "Component Name": "M-AP v67:1",
        "Parent(s)": "I-Assembly v9:1",
        "Transformation": {
            "Rotation Matrix": [
                [
                    1.0,
                    1.9721522630525295e-31,
                    -1.232595164407831e-32
                ],
                [
                    0.0,
                    1.0,
                    1.3877787807814354e-17
                ],
                [
                    0.0,
                    -1.2571781544903202e-31,
                    1.0
                ]
            ],
            "Quaternion": [
                1.0,
                -3.4694469519536196e-18,
                -3.0814879110195774e-33,
                -4.930380657631324e-32
            ],
            "Translation": [
                1.7763568394002505e-15,
                0.0,
                2.0816681711721685e-17
            ]
        }
    },
    {
        "Component Name": "I_PP v12:1",
        "Parent(s)": "I-Assembly v9:1",
        "Transformation": {
            "Rotation Matrix": [
                [
                    -0.17364817766692978,
                    1.1015494072452784e-16,
                    -0.984807753012207
                ],
                [
                    -2.2991865464679605e-16,
                    0.9999999999999993,
                    6.148603384447345e-17
                ],
                [
                    0.9848077530122075,
                    1.2490009027032996e-16,
                    -0.1736481776669299
                ]
            ],
            "Quaternion": [
                0.6427876096865395,
                2.4663689634893896e-17,
                -0.7660444431189772,
                -1.3226514880131381e-16
            ],
            "Translation": [
                8.881784197001252e-15,
                -1.1102230246251565e-15,
                -3.469446951953614e-17
            ]
        }
    },
    {
        "Component Name": "I-Assembly v9:1",
        "Parent(s)": "Root",
        "Transformation": {
            "Rotation Matrix": [
                [
                    -1.0909377784820706e-15,
                    0.9961946980917473,
                    -0.08715574274765836
                ],
                [
                    -2.862293735361732e-17,
                    -0.08715574274765844,
                    -0.9961946980917461
                ],
                [
                    -1.0000000000000016,
                    -1.0171713731715881e-15,
                    9.584347204771859e-17
                ]
            ],
            "Quaternion": [
                -0.4777144171082614,
                -0.5213338044735973,
                -0.4777144171082613,
                0.5213338044735972
            ],
            "Translation": [
                -1.7855970931815042,
                0.2143516798503002,
                9.860118442086247
            ]
        }
    }
]